date,PHQ-9,GAD-7,SDoH,CAGE-AID,All Websites
2/4/2025,0,0,0,0,41
2/5/2025,0,0,0,0,26
2/11/2025,0,0,0,0,1
2/15/2025,0,0,0,0,3
2/16/2025,0,0,0,0,5
2/17/2025,0,0,0,0,5
2/19/2025,0,0,0,0,165
2/20/2025,0,0,0,0,27
2/21/2025,0,0,0,0,273
2/22/2025,0,0,0,0,151
2/23/2025,0,0,0,0,89
2/24/2025,0,0,0,0,73
2/25/2025,0,0,0,0,71
2/26/2025,0,0,0,0,458
2/27/2025,0,0,0,0,625
2/28/2025,0,0,0,0,748
3/1/2025,0,0,0,0,230
3/2/2025,0,0,0,0,634
3/3/2025,0,0,0,0,17
3/4/2025,0,0,0,0,43
3/5/2025,0,0,0,0,5
3/6/2025,0,0,0,0,18
3/7/2025,0,0,0,0,34
3/8/2025,0,0,0,0,174
3/9/2025,0,0,0,0,182
3/10/2025,0,0,0,0,16
3/11/2025,0,0,0,0,66
3/12/2025,0,0,0,0,75
3/13/2025,0,0,0,0,100
3/14/2025,0,0,0,0,294
3/15/2025,0,0,0,0,38
3/16/2025,0,0,0,0,38
3/17/2025,0,0,0,0,57
3/18/2025,0,0,0,0,46
3/19/2025,0,0,0,0,4
3/20/2025,0,0,0,0,3
3/21/2025,0,0,0,0,4
3/22/2025,0,0,0,0,210
3/23/2025,0,0,0,0,136
3/24/2025,0,0,0,0,33
3/25/2025,0,0,0,0,54
3/26/2025,0,0,0,0,11
3/27/2025,0,0,0,0,15
3/29/2025,0,0,0,0,9
3/30/2025,0,0,0,0,7
4/1/2025,0,0,0,0,3
4/3/2025,0,0,0,0,12
4/6/2025,0,0,0,0,4
4/7/2025,0,0,0,0,6
4/8/2025,0,0,0,0,2
4/10/2025,0,0,0,0,13
4/11/2025,0,0,0,0,15
4/12/2025,0,0,0,0,79
4/13/2025,0,0,0,0,41
4/14/2025,0,0,0,0,88
4/16/2025,0,0,0,0,424
4/17/2025,0,0,0,0,570
4/18/2025,0,0,0,0,305
4/19/2025,0,0,0,0,100
4/20/2025,0,0,0,0,279
4/21/2025,0,0,0,0,436
4/22/2025,0,0,0,0,7
4/23/2025,0,0,0,0,36
4/24/2025,0,0,0,0,394
4/25/2025,0,0,0,0,638
4/26/2025,0,0,0,0,135
4/27/2025,0,0,0,0,327
4/28/2025,0,0,0,0,1855
4/29/2025,0,0,3,0,419
4/30/2025,4,0,2,0,396
5/1/2025,0,0,4,0,200
